eksperymenty
procent_zbioru,zgodnosc_modyfikowanego,zgodnosc_klasycznego,czas1_zmodyfikowany,czas2_zmodyfikowany,czas1_klasyczny,czas2_klasyczny,srednia_glebokosc_zmodyfikowanego,srednia_glebokosc_klasycznego,srednia_wykorzystanych_atrybutow_zmodyfikowany,srednia_wykorzystanych_atrybutow_klasyczny
1 89.88286125780124 96.79164666346612 0.06632428646087646 0.01291254997253418 0.06264541387557983 0.008456945419311523 3.85 1.87 8.03 1.87
2 93.39185257032008 98.17846750727449 0.0677556037902832 0.014277939796447753 0.06623450756072997 0.00906831979751587 4.8 2.38 11.84 2.42
3 94.74020088192061 98.70700636942676 0.07187943696975709 0.013998317718505859 0.07526010274887085 0.00975893497467041 5.09 2.78 12.26 2.88
4 96.0904702970297 99.08168316831689 0.08395989656448365 0.015219597816467286 0.08016755342483521 0.010524861812591553 5.4 3.18 13.04 3.27
5 95.80865432716362 99.21560780390192 0.07898086071014404 0.01348841905593872 0.07288187026977538 0.00903141975402832 5.56 3.26 13.68 3.41
6 95.48205257836194 99.49721941354903 0.08058163642883301 0.013847906589508057 0.07574945449829101 0.010944416522979736 5.59 3.42 14.69 3.57
7 96.24236616839146 99.51424556024013 0.08925182580947875 0.016151680946350097 0.08161118507385254 0.012336642742156982 5.91 3.58 14.91 3.77
8 95.345602479659 99.65310603125404 0.09522393226623535 0.016753013134002685 0.08464710474014282 0.011210954189300537 5.81 3.69 15.0 3.88
9 95.93119206162686 99.77516647081866 0.0995361304283142 0.0166772198677063 0.08672739267349243 0.010258479118347168 5.8 3.8 14.41 4.12
10 96.13425742574256 99.76580858085808 0.10472267389297485 0.01745823860168457 0.09162437438964843 0.009157860279083252 5.92 3.82 15.52 4.05
11 96.98905353090375 99.81204111600591 0.1078633713722229 0.017379508018493653 0.0979100489616394 0.011006391048431397 5.79 3.77 14.85 4.04
12 95.77467260699342 99.82233022816263 0.11217978715896607 0.01680525779724121 0.09987122297286988 0.010654840469360351 5.98 3.87 15.3 4.17
13 96.05900027314946 99.80688336520085 0.11507776975631714 0.015776987075805663 0.10168070316314698 0.010399997234344482 6.19 3.9 15.3 4.23
14 96.9280187897209 99.86018237082062 0.11864004611968994 0.015950715541839598 0.1063851261138916 0.01102203607559204 6.08 3.98 15.6 4.48
15 96.13502935420748 99.8764327648868 0.11995476484298706 0.014943394660949707 0.10620434522628784 0.010805149078369141 6.02 3.9 15.69 4.29
16 95.82107496463934 99.88062234794911 0.12639159917831422 0.015057551860809325 0.11677904605865479 0.013224029541015625 6.28 3.97 15.96 4.48
17 96.54738047523621 99.89951331233902 0.13086153507232667 0.01418975591659546 0.11550816297531127 0.010772261619567871 6.18 3.98 15.68 4.56
18 95.99203129527672 99.93190379600117 0.13319620847702027 0.013368663787841796 0.1203455400466919 0.011984684467315675 6.11 4.09 15.74 4.72
19 96.476455919026 99.93369517383006 0.13586922883987426 0.01271320104598999 0.12364976644515992 0.0125396990776062 6.22 4.04 16.11 4.65
20 96.77662260507941 99.93465023020937 0.14395079612731934 0.013692448139190674 0.12736304759979247 0.011700661182403564 6.06 4.06 15.17 4.67
21 95.25312077004057 99.92660550458712 0.1484603452682495 0.014405827522277832 0.12966684818267823 0.011131281852722169 6.71 4.06 16.82 4.74
22 96.30068545316068 99.9546077684691 0.1507261037826538 0.014626893997192383 0.1318808054924011 0.010638427734375 6.28 4.06 15.7 4.8
23 96.34315692022834 99.9388983181608 0.1655278491973877 0.012261638641357422 0.1336582136154175 0.007570252418518066 6.38 4.06 16.24 4.77
24 96.51258402376112 99.95060184461465 0.1607949924468994 0.011654806137084962 0.14483048200607299 0.008188016414642334 6.35 4.04 16.04 4.8
25 95.52202154626107 99.94645120405573 0.19188414812088012 0.014629201889038086 0.17179785966873168 0.012669503688812256 6.37 4.04 16.52 4.85
26 95.56229929351325 99.97463070006421 0.1840178656578064 0.014133784770965576 0.143695912361145 0.00815140724182129 6.4 4.02 16.7 4.9
27 95.64713541666666 99.974609375 0.18280023574829102 0.012313175201416015 0.1577358341217041 0.008032748699188233 6.41 4.08 16.05 4.99
28 95.34455445544556 99.96039603960398 0.17972920894622801 0.012822773456573486 0.15713319301605225 0.007475509643554688 6.44 4.03 16.88 4.9
29 96.4877844712182 99.96921017402946 0.17655786991119385 0.010172774791717529 0.15837739944458007 0.009878194332122803 6.38 4.1 15.6 4.93
30 95.1406992532247 99.96978954514593 0.18369872331619264 0.013006284236907958 0.167032368183136 0.011939277648925781 6.28 4.03 16.18 4.97
31 96.48657024793388 99.98071625344352 0.18864659786224366 0.011705231666564942 0.16430850744247436 0.008008739948272704 6.47 4.08 16.23 5.0
32 95.92643718329543 99.98077931154988 0.19464561462402344 0.011156885623931885 0.17240572452545166 0.011177568435668946 6.4 4.06 15.93 4.93
33 95.82408228409298 99.97783294910447 0.1957578706741333 0.011637129783630372 0.17844875574111937 0.01059650182723999 6.39 4.08 16.03 4.96
34 96.58811881188122 99.9834383438344 0.20704149723052978 0.011426897048950195 0.178624210357666 0.010078482627868653 6.35 4.07 15.83 4.99
35 95.52074575031986 99.97715225735699 0.20781758069992065 0.011331770420074463 0.18228740692138673 0.009911694526672364 6.75 4.07 17.0 4.98
36 94.47558938184518 99.98366437720436 0.21568851232528685 0.011128396987915038 0.18632774591445922 0.007083635330200195 6.41 4.11 16.3 5.05
37 94.66396379407882 99.97774844427683 0.2089028263092041 0.009402070045471191 0.18501010417938232 0.007556889057159424 6.64 4.11 17.31 5.06
38 95.85760827903412 99.9877347642775 0.22266233682632447 0.0112050199508667 0.18953801155090333 0.007444503307342529 6.22 4.09 15.97 5.05
39 94.01441371250483 99.98441760810287 0.23412323951721192 0.011142230033874512 0.2010038661956787 0.007532725334167481 6.57 4.07 17.11 5.03
40 96.23049504950497 99.98475247524752 0.24191418886184693 0.01104419469833374 0.20592816352844237 0.008027551174163818 6.44 4.08 15.85 5.02
41 96.43052758759566 99.98227950060411 0.24020329713821412 0.010568678379058838 0.20476292610168456 0.007733168601989746 6.7 4.05 16.5 5.01
42 97.65833674723476 99.98586644817698 0.2528547692298889 0.010694572925567627 0.22434929847717286 0.008542685508728028 6.71 4.06 15.97 5.04
43 95.73488953730727 99.99166319299708 0.25836787700653074 0.0101499342918396 0.22440876960754394 0.009313571453094482 6.57 4.08 16.25 5.08
44 95.79079142796516 99.98726925525143 0.26735160827636717 0.010063960552215576 0.22756844520568847 0.008546733856201172 6.62 4.07 16.97 5.05
45 96.78980341326425 99.98876647224024 0.2709907031059265 0.009668569564819336 0.23556943655014037 0.008338742256164551 6.55 4.1 16.25 5.07
46 96.45412541254127 99.99119911991198 0.27701812267303466 0.009850327968597411 0.23218525648117067 0.008623297214508057 6.46 4.09 15.71 5.07
47 95.30620937009637 99.99237839049539 0.2895363450050354 0.0097324538230896 0.23987224578857422 0.007266459465026856 6.62 4.03 16.22 5.02
48 95.87137308658897 99.99360292437743 0.2901795506477356 0.009859285354614257 0.23598770618438722 0.007216053009033203 6.65 4.06 16.54 5.05
49 97.01910086186815 99.99021663172606 0.29907889127731324 0.009521372318267822 0.24131351709365845 0.0071829652786254885 6.5 4.08 15.81 5.06
50 94.93274714828897 99.99524714828898 0.29944625616073606 0.00941354751586914 0.24213194370269775 0.0064692234992980956 6.88 4.04 16.87 5.04
51 95.50945683802134 99.98787584869058 0.3022770810127258 0.009661164283752442 0.25133554220199583 0.00623722791671753 6.83 4.09 16.4 5.07
52 95.2321782178218 99.99801980198019 0.31119138956069947 0.009691762924194335 0.24566732883453368 0.006207489967346191 6.87 4.02 17.19 5.01
53 96.16658240647119 99.9989888776542 0.30983479738235475 0.009523742198944092 0.2564464354515076 0.006541264057159424 6.87 4.03 16.92 5.03
54 95.7861570247934 99.99586776859505 0.31479529619216917 0.008742377758026124 0.28000096082687376 0.007947664260864257 6.66 4.04 16.55 5.04
55 96.39255543822597 99.99366420274553 0.31854631900787356 0.00887411117553711 0.2845757460594177 0.00777379035949707 6.67 4.04 16.44 5.04
56 96.04211663066951 99.99325053995679 0.31615907430648804 0.006920557022094726 0.26097229480743406 0.004437179565429688 6.47 4.08 15.92 5.07
57 96.61342912406737 99.99447361149487 0.33742193222045896 0.007605926990509033 0.27985658645629885 0.006793460845947266 6.66 4.04 16.28 5.04
58 97.08429985855727 99.99660537482319 0.35322962284088133 0.0082098650932312 0.28358343839645384 0.0068344569206237795 6.78 4.06 16.17 5.06
59 95.40770791075049 99.99884091567661 0.3349246788024902 0.007998037338256835 0.28540241956710816 0.006316740512847901 6.81 4.06 16.84 5.06
60 95.25037125037126 100.0 0.3487031388282776 0.007659919261932373 0.2850735902786255 0.006701226234436035 6.6 4.03 16.72 5.03
61 95.90740176667681 99.99878160219312 0.3491443395614624 0.008060543537139893 0.29007486820220946 0.005755634307861328 6.56 4.02 16.27 5.02
62 96.92403876211318 99.99749921850578 0.3713048386573792 0.007991833686828613 0.29218798875808716 0.0053673887252807615 6.63 4.04 16.9 5.04
63 96.07739242132304 99.99550417469493 0.3662975168228149 0.007741317749023437 0.2953009605407715 0.004829030036926269 6.96 4.09 16.8 5.09
64 94.02904290429042 99.99735973597359 0.3936461853981018 0.007631845474243164 0.36194491386413574 0.005321030616760254 6.44 4.07 17.29 5.07
65 96.61575016972165 99.99117447386284 0.3860745120048523 0.007000565528869629 0.33738152503967284 0.003745837211608887 6.6 4.01 15.96 5.0
66 95.4088050314465 99.99720475192173 0.3651837611198425 0.005128424167633056 0.3177894496917725 0.004638240337371826 7.1 4.06 17.32 5.06
67 96.01943844492435 99.99568034557237 0.40342710971832274 0.007281522750854492 0.33714273691177365 0.005625779628753662 6.57 4.04 16.14 5.04
68 95.35263548626577 100.0 0.3800721025466919 0.006542975902557373 0.34238178968429567 0.005254514217376709 6.8 4.04 16.24 5.04
69 97.29283250287466 99.99770026830203 0.41742974281311035 0.006996314525604248 0.35627170324325563 0.005475714206695557 6.67 4.04 16.53 5.05
70 95.29465346534653 100.0 0.4072051501274109 0.0063018321990966795 0.3558716511726379 0.005251336097717285 6.61 4.04 16.59 5.04
71 96.68578451454322 99.99918066366243 0.42747748851776124 0.006315984725952148 0.3444973874092102 0.00493199348449707 6.51 4.04 16.04 5.05
72 96.18031395842173 100.0 0.42716006278991697 0.00548215389251709 0.34457806587219236 0.0038845658302307127 6.47 4.02 15.89 5.02
73 95.96348438187417 99.99912010558734 0.44993881702423094 0.005750808715820312 0.34112211227416994 0.004164714813232422 6.84 4.06 17.0 5.07
74 96.94792142530837 99.99817268158976 0.4546345210075378 0.005429208278656006 0.3521691346168518 0.003016791343688965 6.65 4.02 17.27 5.02
75 95.63117870722435 100.0 0.46119478702545164 0.005455985069274903 0.43732484579086306 0.004096479415893555 6.6 4.01 15.98 5.01
76 96.36881188118808 100.0 0.46243078470230103 0.004978780746459961 0.38323345422744753 0.0037644267082214355 6.46 4.01 16.16 5.01
77 94.60743801652895 100.0 0.4488138723373413 0.0037852787971496583 0.3947998785972595 0.0032949423789978027 6.5 4.0 16.11 5.0
78 94.49460043196542 100.0 0.4615883612632751 0.004556448459625244 0.39863903999328615 0.0036487960815429687 6.76 4.03 17.16 5.03
79 94.795814479638 100.0 0.48118824005126953 0.004456913471221924 0.4000824475288391 0.003813023567199707 6.63 4.03 16.72 5.03
80 95.56888361045131 100.0 0.47388105630874633 0.0033219122886657716 0.42203603506088255 0.0032029104232788085 6.43 4.0 16.83 5.0
81 96.23875 100.0 0.49942009687423705 0.004286303520202637 0.3930531597137451 0.0034714603424072267 6.55 4.01 16.74 5.01
82 95.83630363036302 100.0 0.516449065208435 0.003996560573577881 0.4080725383758545 0.0023149657249450684 6.62 4.0 16.65 5.0
83 93.91125087351506 100.0 0.5479522371292114 0.0038950109481811525 0.3952803134918213 0.002245650291442871 6.6 4.01 16.86 5.01
84 94.27319970304379 100.0 0.5239580750465394 0.003833808898925781 0.4915023851394653 0.0024701666831970213 6.63 4.0 16.67 5.0
85 96.10688836104514 100.0 0.5334119653701782 0.00329498291015625 0.4486214065551758 0.0022487688064575196 6.62 4.0 16.47 5.0
86 96.2663273960984 100.0 0.5336015582084656 0.003272092342376709 0.4478591275215149 0.0025827670097351074 6.54 4.0 16.13 5.0
87 96.76621004566213 100.0 0.5518614649772644 0.0028414654731750487 0.4182761716842651 0.001321272850036621 6.68 4.0 16.18 5.0
88 94.80198019801978 100.0 0.5522942447662353 0.0027871990203857423 0.47652895212173463 0.002453572750091553 6.52 4.0 17.4 5.0
89 95.97300215982722 100.0 0.5412921404838562 0.002619199752807617 0.4532469916343689 0.00247471809387207 6.71 4.0 16.45 5.0
90 96.48099762470311 100.0 0.5791794610023498 0.0023279380798339844 0.4568441200256348 0.0015355610847473144 6.71 4.0 16.08 5.0
91 97.18073878627965 100.0 0.5795282578468323 0.0020005226135253905 0.4586083149909973 0.0011462855339050293 6.81 4.0 16.15 5.0
92 95.48071216617211 100.0 0.5428961157798767 0.0014745187759399414 0.46072715282440185 0.0012840843200683594 6.47 4.0 15.86 5.0
93 95.66101694915253 100.0 0.5753889560699463 0.0017539167404174805 0.4977765655517578 0.0011727952957153321 6.53 4.0 16.57 5.0
94 97.26336633663362 100.0 0.6144448256492615 0.0015650391578674316 0.5090722012519836 0.00117598295211792 6.58 4.0 16.14 5.0
95 95.39429928741096 100.0 0.626612823009491 0.0012393903732299805 0.4976437878608704 0.0009692049026489258 6.56 4.0 16.85 5.0
96 95.91394658753705 100.0 0.6612821984291076 0.0009658575057983398 0.5141061568260192 0.0007146644592285156 6.82 4.0 17.19 5.0
97 95.24505928853755 100.0 0.6092966294288635 0.0007436037063598633 0.5156930255889892 0.0006858682632446289 6.88 4.0 17.05 5.0
98 96.49704142011835 100.0 0.6401967382431031 0.0005568242073059082 0.5564823031425477 0.00040917158126831056 6.49 4.0 17.08 5.0
99 96.59999999999997 100.0 0.5913208413124085 0.0001524209976196289 0.49840245723724363 9.721994400024414e-05 6.42 4.0 16.61 5.0
100 96.86549429657795 100.0 0.5955615282058716 0.015269005298614502 0.4974361395835876 0.010538320541381836 6.65 4.0 16.6 5.0